0.000498011414848759
0.00101011135337191
0.0163639973020278
0.000511435080339002
0.00340679988043105
0.00515820017287121
0.0127834821069948
0.0192857891671045
0.003212471635306
0.00387126249287564
0.0194356629237363
0.00943397713547833
0.0180689860464235
0.00931989046776818
0.00684932691406655
0.00854022448662302
0.0122912623476707
0.011389740690486
0.0193718409366744
0.00114759551376524
0.0191431295190569
0.0195442156084722
0.0111084235443599
0.0120002977763452
0.0112235721283332
0.0197240855366446
0.00627250445118342
0.0137692177835725
0.0181719609515991
0.0153622656243933
0.00521368696629108
0.0140953978020369
0.0116137726616235
0.0129784036120209
0.0188863926881625
0.00700371893257938
0.00646631257116197
0.00208623741746907
0.00175232121948371
0.0141184862895647
0.00280955574574256
0.0178078372831779
0.0202407688523289
0.0166460908202409
0.0135114823900578
0.0189853583688503
0.00276758956270929
0.00181970242423891
0.0157958092156201
0.00137967981248582
0.00446594596960922
0.00511083929464962
0.00966987985884178
0.0157511630650391
0.0120838928830387
0.00957749324925412
0.0173823883310678
0.0193757388856739
0.00913197837265281
0.0147924930513942
0.00851357986759242
0.00317214824955868
0.0134106446094041
0.00483915621454732
0.0029297282344575
0.00654031213411761
0.010631560379691
0.0117838051954829
0.018938349532967
0.00524962805753539
0.0021937687355252
0.00755630829061092
0.0123310068986574
0.00665718979489828
0.00743247563914836
0.0165212215210955
0.019978550527983
0.00152674685729382
0.00751592370236282
0.00952634343895028
0.0168544013590239
0.00701900065863389
0.00178294856202336
0.00174248926617305
0.0085626891358875
0.00828575119853461
0.00828999656925846
0.0118975030624411
0.0151803668170613
0.00368337920545231
0.0115478428039743
0.00402006235357995
0.0185896187198635
0.00287592468650164
0.00971139662647604
0.00927996995737061
0.0148808034742004
0.0106194156688816
0.00321764323754991
0.00312019016534234
